Things I need to do
    - Make logo
    - Avatar or alternaive idea
**note I swithed order of headerNavLinks.js might break shit

CHECK TWITTER
siteMetadata:
    - siteURL
    - siteLogo

    <svg xmlns="http://www.w3.org/2000/svg" width="75pt" height="75pt" viewBox="364.326 700.794 484.499 115.2">
  <defs>
    <style>
      .a{fill:#4286f4;}
    </style>
  </defs>
  <path class="a"  d="M384.190002,707.046875 
	C384.446960,702.856018 386.425842,701.761658 390.124512,701.913757 
	C400.097687,702.323975 410.142944,701.768494 420.051910,702.718994 
	C429.043762,703.581543 436.975220,707.526062 439.987488,716.984497 
	C443.189301,727.038025 440.451691,736.098816 433.608856,743.889404 
	C431.127350,746.714539 428.153473,749.107239 425.096924,751.986816 
	C436.753906,759.117126 439.512421,769.750671 436.302002,781.943237 
	C432.622314,795.918152 422.269043,803.372009 408.862274,806.812195 
	C404.742798,807.869263 400.298706,807.896240 395.996796,807.960754 
	C385.714417,808.114868 375.428192,808.010498 364.325836,808.010498 
	C371.016052,774.023193 377.567474,740.741150 384.190002,707.046875 
M417.242767,789.752686 
	C418.202026,788.605042 419.278961,787.535645 420.102203,786.297607 
	C428.115936,774.246582 422.866974,761.599243 408.737854,759.681641 
	C402.515686,758.837219 396.124603,759.037292 389.820129,759.184753 
	C388.682251,759.211426 386.908539,761.127869 386.595276,762.448669 
	C384.983551,769.243652 383.740234,776.126526 382.393097,782.983582 
	C381.511688,787.469971 380.672394,791.964661 379.708954,797.006470 
	C386.661407,797.006470 392.790314,797.124878 398.912659,796.974487 
	C405.590210,796.810425 411.650330,794.785156 417.242767,789.752686 
M395.958710,714.407227 
	C393.773773,725.401245 391.588837,736.395325 389.257080,748.128296 
	C395.060425,748.128296 399.689209,748.128967 404.317963,748.128174 
	C414.785828,748.126526 424.856812,739.796387 426.907074,729.444641 
	C428.383545,721.990173 425.963654,715.883057 419.432068,714.731262 
	C411.903900,713.403748 404.053589,713.902832 395.958710,714.407227 
z

M451.505493,807.976562 
	C450.682739,806.353027 449.694000,804.626160 449.996918,803.167542 
	C455.712036,775.646484 461.579681,748.157104 467.416412,720.661255 
	C468.659729,714.804199 470.160614,708.987000 471.070435,703.078796 
	C471.777008,698.490295 473.540558,695.755676 478.588959,695.864014 
	C480.484955,695.904724 482.394257,695.323425 485.211243,694.882751 
	C483.937805,701.130249 482.865967,706.600464 481.704498,712.051575 
	C475.534912,741.007629 469.335999,769.957458 463.162689,798.912720 
	C461.216644,808.040588 461.238586,808.045288 451.505493,807.976562 
z
M805.106567,764.888672 
	C806.713440,757.316650 808.661560,750.214478 809.628357,742.981079 
	C810.273621,738.153625 812.698059,736.500916 816.962463,736.125610 
	C818.912659,735.953979 820.847839,735.610657 823.485596,735.250122 
	C822.612854,740.238098 821.810303,744.824707 820.748474,750.892883 
	C824.272827,746.891907 826.638367,743.947144 829.276306,741.270874 
	C833.536255,736.948975 838.558716,734.375366 844.902039,734.974792 
	C848.136353,735.280457 849.406616,736.627930 848.496521,739.871582 
	C847.913147,741.951050 847.863831,744.258301 846.915466,746.129028 
	C846.322083,747.299561 844.303772,748.751648 843.268372,748.522827 
	C838.441406,747.456055 834.569641,749.172119 831.488403,752.387512 
	C823.132141,761.107544 815.847961,770.494080 813.731934,782.942444 
	C812.590027,789.660095 810.751831,796.259033 809.593323,802.974548 
	C808.946167,806.725891 807.523193,808.620667 803.453979,808.068787 
	C801.221863,807.766052 798.915100,808.014709 796.042908,808.014709 
	C799.150269,793.247253 802.090393,779.274902 805.106567,764.888672 
z

M762.421631,802.088013 
	C766.630554,782.521057 770.749878,763.354309 774.860779,744.185730 
	C776.705994,735.581604 775.638733,737.174072 783.619202,737.004150 
	C785.067322,736.973389 786.520325,737.175232 788.579407,737.309326 
	C787.484924,742.676575 786.506287,747.674683 785.442810,752.654663 
	C782.007690,768.740295 778.537170,784.818359 775.089050,800.901184 
	C773.257019,809.446594 774.278748,807.819702 766.248840,807.995056 
	C764.807129,808.026489 763.359985,807.810974 761.534485,807.682800 
	C761.838013,805.696960 762.083313,804.092224 762.421631,802.088013 
z
M780.742188,707.061646 
	C781.295227,705.977173 781.618530,705.187500 782.135437,704.556335 
	C785.213745,700.797729 790.258423,699.724060 793.641235,702.056946 
	C796.820312,704.249146 797.436768,709.735901 794.961548,713.808228 
	C792.582336,717.722900 787.492615,719.467163 783.710938,717.428162 
	C779.524109,715.170715 779.715637,711.363831 780.742188,707.061646 
z
M541.728821,806.825806 
	C540.454895,807.331848 539.524963,807.693359 538.579102,808.006653 
	C530.786926,810.586914 529.343018,809.525269 528.959595,800.955200 
	C528.880981,799.198608 528.793335,797.442505 527.538025,794.888306 
	C525.852905,796.848938 524.332214,798.986145 522.451965,800.737244 
	C516.733521,806.063110 510.417755,810.168762 502.137024,810.028381 
	C494.765991,809.903442 489.399048,806.340576 486.859039,799.427612 
	C486.063690,797.262756 485.366119,794.938477 485.269440,792.659790 
	C484.407990,772.360657 491.669678,755.508362 507.482819,742.697388 
	C514.106873,737.330933 521.963623,734.505981 530.661499,735.021057 
	C537.772461,735.442078 544.865906,736.158264 552.719543,736.805725 
	C550.903076,745.511658 549.238037,753.594849 547.526062,761.668091 
	C545.800110,769.807068 543.501831,777.868225 542.439270,786.090759 
	C541.565857,792.850037 542.135437,799.795837 541.728821,806.825806 
M502.146973,768.829529 
	C499.140869,776.518188 497.266174,784.395569 498.887878,792.679321 
	C500.119904,798.972656 504.094116,800.883911 509.938202,798.186035 
	C511.284302,797.564636 512.584412,796.778381 513.772766,795.890137 
	C530.245789,783.577881 535.800842,765.974731 537.874146,746.500183 
	C529.976746,743.570862 522.421204,744.409607 516.726990,749.919617 
	C511.239014,755.229980 507.166229,762.002869 502.146973,768.829529 
z
M590.056091,759.076355 
	C583.224365,766.114319 579.295837,774.101624 577.825867,783.528564 
	C576.571655,791.572266 574.520874,799.491699 572.771606,807.704834 
	C568.753723,807.704834 565.004578,807.704834 560.498108,807.704834 
	C562.453857,798.321533 564.311584,789.255798 566.236206,780.204163 
	C571.607178,754.943787 577.184387,729.725037 582.255493,704.404724 
	C583.380005,698.790039 585.388733,695.643127 591.375854,695.793518 
	C592.813049,695.829712 594.265015,695.280273 596.773865,694.794006 
	C592.887329,713.428223 589.143738,731.377319 585.400085,749.326355 
	C585.792053,749.545349 586.183960,749.764282 586.575867,749.983276 
	C587.977966,748.700195 589.355225,747.388611 590.786438,746.138855 
	C597.933105,739.898376 605.504822,734.671143 615.629639,734.931335 
	C624.551147,735.160767 630.291382,740.422424 629.861328,749.322021 
	C629.558167,755.595276 628.150024,761.844055 626.901184,768.036438 
	C624.595520,779.468689 621.868591,790.817810 619.686340,802.271973 
	C618.862183,806.598022 617.281799,808.829712 612.585693,808.065369 
	C610.678040,807.754883 608.677673,808.014160 605.984253,808.014160 
	C608.244934,797.270813 610.367920,787.229065 612.468506,777.182556 
	C613.900635,770.333374 615.696655,763.525269 616.529114,756.602478 
	C616.881470,753.672119 616.111084,749.271118 614.147156,747.774963 
	C612.197815,746.289673 607.503235,746.550781 605.079285,747.926025 
	C599.794678,750.924561 595.187866,755.117615 590.056091,759.076355 
z
M687.419128,746.324829 
	C672.624146,752.727234 662.739075,763.066528 658.923889,778.574036 
	C657.014832,786.333557 655.277222,794.157104 653.978455,802.036743 
	C653.216492,806.659668 651.488647,808.925476 646.566223,808.062134 
	C644.816101,807.755127 642.966858,808.012939 640.523499,808.012939 
	C640.899963,805.596313 641.105408,803.685852 641.503174,801.816284 
	C645.559021,782.755432 649.841553,763.739563 653.592896,744.619385 
	C654.581421,739.580750 656.319702,736.747986 661.715332,736.836060 
	C663.457092,736.864441 665.208435,736.304321 667.654419,735.897034 
	C666.893188,740.519836 666.236328,744.509033 665.579407,748.498230 
	C665.920837,748.729126 666.262207,748.960083 666.603638,749.190979 
	C667.995361,747.973816 669.391235,746.761353 670.778076,745.538635 
	C677.110352,739.955933 683.762939,735.050781 692.745789,734.964783 
	C701.566040,734.880249 705.892456,738.533020 707.345032,747.298218 
	C707.523682,748.376282 707.810608,749.436523 708.119324,750.829651 
	C712.353027,747.240112 715.917419,743.383789 720.239197,740.788818 
	C724.550476,738.200195 729.492493,735.794495 734.383972,735.214417 
	C745.697571,733.872742 752.023926,740.808105 750.515259,752.143860 
	C749.637939,758.736267 748.176697,765.257751 746.817444,771.777710 
	C744.710144,781.886108 742.195984,791.918213 740.399536,802.079041 
	C739.570862,806.766235 737.837463,808.885559 732.976562,808.060547 
	C731.228455,807.763794 729.387695,808.012878 726.769165,808.012878 
	C728.076111,801.544128 729.218750,795.744385 730.423584,789.957642 
	C732.460571,780.174377 734.549561,770.402100 736.585388,760.618652 
	C736.958252,758.826965 737.265869,757.013184 737.461243,755.194397 
	C738.287109,747.504456 734.041138,744.012451 727.390808,747.594299 
	C715.233337,754.142151 706.196655,763.759033 702.458862,777.376160 
	C700.257812,785.394836 698.531738,793.582947 697.236938,801.796570 
	C696.461609,806.715210 694.561829,808.860352 689.540894,808.057800 
	C687.797363,807.779114 685.971802,808.013428 683.456787,808.013428 
	C685.583252,797.918762 687.611145,788.532104 689.527283,779.122681 
	C691.188416,770.965454 693.005493,762.824097 694.215332,754.596558 
	C695.037964,749.001770 693.033508,746.896851 687.419128,746.324829 
M665.520813,750.190002 
	C665.520813,750.190002 665.397034,750.498962 665.397034,750.498962 
	C665.397034,750.498962 665.708984,750.415039 665.520813,750.190002 
z" />
</svg>